Fold 1/4
Epochs: 1 | Train Loss:  1.407             | Train Accuracy:  0.693
Test Accuracy:  0.761
+-----------+-------+-------+-------+------+-----+-------+-------+-------+-----+-------+-------+-------+----------+-----------+--------------+
|           |   0   |   1   |   2   |  3   |  4  |   5   |   6   |   7   |  8  |   9   |   10  |   11  | accuracy | macro avg | weighted avg |
+-----------+-------+-------+-------+------+-----+-------+-------+-------+-----+-------+-------+-------+----------+-----------+--------------+
| precision | 0.898 | 0.818 | 0.476 | 0.0  | 0.0 |  0.7  | 0.714 |  0.25 | 0.0 |  1.0  | 0.059 |  1.0  |  0.761   |   0.493   |    0.781     |
|   recall  | 0.974 |  0.75 | 0.741 | 0.0  | 0.0 | 0.875 |  0.2  | 0.357 | 0.0 | 0.261 |  0.5  | 0.125 |  0.761   |   0.399   |    0.761     |
|  f1-score | 0.935 | 0.783 |  0.58 | 0.0  | 0.0 | 0.778 | 0.312 | 0.294 | 0.0 | 0.414 | 0.105 | 0.222 |  0.761   |   0.369   |    0.736     |
|  support  | 235.0 |  12.0 |  27.0 | 12.0 | 6.0 |  16.0 |  25.0 |  14.0 | 1.0 |  23.0 |  2.0  |  8.0  |  0.761   |   381.0   |    381.0     |
+-----------+-------+-------+-------+------+-----+-------+-------+-------+-----+-------+-------+-------+----------+-----------+--------------+
Epochs: 2 | Train Loss:  0.640             | Train Accuracy:  0.847
Test Accuracy:  0.756
+-----------+-------+-------+-------+-------+-------+-------+-------+-------+-----+-------+-------+-------+----------+-----------+--------------+
|           |   0   |   1   |   2   |   3   |   4   |   5   |   6   |   7   |  8  |   9   |   10  |   11  | accuracy | macro avg | weighted avg |
+-----------+-------+-------+-------+-------+-------+-------+-------+-------+-----+-------+-------+-------+----------+-----------+--------------+
| precision |  0.94 | 0.562 | 0.619 |  0.5  | 0.109 |  1.0  | 0.438 | 0.429 | 0.0 |  1.0  |  1.0  |  0.5  |  0.756   |   0.591   |    0.821     |
|   recall  | 0.932 |  0.75 | 0.481 |  0.25 | 0.833 | 0.688 |  0.28 | 0.429 | 0.0 | 0.478 |  0.5  | 0.375 |  0.756   |    0.5    |    0.756     |
|  f1-score | 0.936 | 0.643 | 0.542 | 0.333 | 0.192 | 0.815 | 0.341 | 0.429 | 0.0 | 0.647 | 0.667 | 0.429 |  0.756   |   0.498   |    0.773     |
|  support  | 235.0 |  12.0 |  27.0 |  12.0 |  6.0  |  16.0 |  25.0 |  14.0 | 1.0 |  23.0 |  2.0  |  8.0  |  0.756   |   381.0   |    381.0     |
+-----------+-------+-------+-------+-------+-------+-------+-------+-------+-----+-------+-------+-------+----------+-----------+--------------+
Epochs: 3 | Train Loss:  0.435             | Train Accuracy:  0.913
Test Accuracy:  0.782
+-----------+-------+-------+-------+-------+-----+-------+-------+-------+-----+-------+-------+-------+----------+-----------+--------------+
|           |   0   |   1   |   2   |   3   |  4  |   5   |   6   |   7   |  8  |   9   |   10  |   11  | accuracy | macro avg | weighted avg |
+-----------+-------+-------+-------+-------+-----+-------+-------+-------+-----+-------+-------+-------+----------+-----------+--------------+
| precision | 0.938 |  1.0  | 0.833 |  1.0  | 0.0 |  0.5  | 0.526 | 0.214 | 0.0 | 0.882 |  1.0  | 0.273 |  0.782   |   0.597   |    0.828     |
|   recall  | 0.962 | 0.333 | 0.556 | 0.167 | 0.0 | 0.812 |  0.4  | 0.643 | 0.0 | 0.652 |  0.5  | 0.375 |  0.782   |    0.45   |    0.782     |
|  f1-score |  0.95 |  0.5  | 0.667 | 0.286 | 0.0 | 0.619 | 0.455 | 0.321 | 0.0 |  0.75 | 0.667 | 0.316 |  0.782   |   0.461   |    0.781     |
|  support  | 235.0 |  12.0 |  27.0 |  12.0 | 6.0 |  16.0 |  25.0 |  14.0 | 1.0 |  23.0 |  2.0  |  8.0  |  0.782   |   381.0   |    381.0     |
+-----------+-------+-------+-------+-------+-----+-------+-------+-------+-----+-------+-------+-------+----------+-----------+--------------+
Epochs: 4 | Train Loss:  0.427             | Train Accuracy:  0.922
Test Accuracy:  0.808
+-----------+-------+-------+-------+------+------+-------+-------+-------+-----+-------+-----+-------+----------+-----------+--------------+
|           |   0   |   1   |   2   |  3   |  4   |   5   |   6   |   7   |  8  |   9   |  10 |   11  | accuracy | macro avg | weighted avg |
+-----------+-------+-------+-------+------+------+-------+-------+-------+-----+-------+-----+-------+----------+-----------+--------------+
| precision | 0.961 |  1.0  | 0.938 | 0.0  | 0.75 | 0.833 | 0.297 |  1.0  | 0.0 |  0.85 | 0.5 | 0.231 |  0.808   |   0.613   |    0.853     |
|   recall  | 0.949 | 0.833 | 0.556 | 0.0  | 0.5  | 0.625 |  0.76 |  0.5  | 0.0 | 0.739 | 0.5 | 0.375 |  0.808   |   0.528   |    0.808     |
|  f1-score | 0.955 | 0.909 | 0.698 | 0.0  | 0.6  | 0.714 | 0.427 | 0.667 | 0.0 | 0.791 | 0.5 | 0.286 |  0.808   |   0.546   |    0.815     |
|  support  | 235.0 |  12.0 |  27.0 | 12.0 | 6.0  |  16.0 |  25.0 |  14.0 | 1.0 |  23.0 | 2.0 |  8.0  |  0.808   |   381.0   |    381.0     |
+-----------+-------+-------+-------+------+------+-------+-------+-------+-----+-------+-----+-------+----------+-----------+--------------+
Epochs: 5 | Train Loss:  0.280             | Train Accuracy:  0.948
Test Accuracy:  0.824
+-----------+-------+-------+-------+------+-------+-------+------+-------+-----+-------+-----+-------+----------+-----------+--------------+
|           |   0   |   1   |   2   |  3   |   4   |   5   |  6   |   7   |  8  |   9   |  10 |   11  | accuracy | macro avg | weighted avg |
+-----------+-------+-------+-------+------+-------+-------+------+-------+-----+-------+-----+-------+----------+-----------+--------------+
| precision | 0.873 | 0.909 | 0.682 | 0.5  |  0.3  |  0.9  | 0.8  |  1.0  | 0.0 | 0.895 | 0.0 | 0.333 |  0.824   |   0.599   |    0.824     |
|   recall  | 0.991 | 0.833 | 0.556 | 0.5  |  0.5  | 0.562 | 0.48 | 0.429 | 0.0 | 0.739 | 0.0 | 0.375 |  0.824   |   0.497   |    0.824     |
|  f1-score | 0.928 |  0.87 | 0.612 | 0.5  | 0.375 | 0.692 | 0.6  |  0.6  | 0.0 |  0.81 | 0.0 | 0.353 |  0.824   |   0.528   |    0.812     |
|  support  | 235.0 |  12.0 |  27.0 | 12.0 |  6.0  |  16.0 | 25.0 |  14.0 | 1.0 |  23.0 | 2.0 |  8.0  |  0.824   |   381.0   |    381.0     |
+-----------+-------+-------+-------+------+-------+-------+------+-------+-----+-------+-----+-------+----------+-----------+--------------+
Epochs: 6 | Train Loss:  0.233             | Train Accuracy:  0.960
Test Accuracy:  0.787
+-----------+-------+-------+-------+-------+-------+-------+-------+-------+-------+-------+-------+-------+----------+-----------+--------------+
|           |   0   |   1   |   2   |   3   |   4   |   5   |   6   |   7   |   8   |   9   |   10  |   11  | accuracy | macro avg | weighted avg |
+-----------+-------+-------+-------+-------+-------+-------+-------+-------+-------+-------+-------+-------+----------+-----------+--------------+
| precision | 0.882 |  1.0  | 0.933 |  1.0  | 0.833 |  0.8  | 0.476 |  0.4  | 0.071 | 0.842 |  1.0  | 0.273 |  0.787   |   0.709   |    0.828     |
|   recall  | 0.983 |  0.5  | 0.519 | 0.083 | 0.833 |  0.25 |  0.4  | 0.571 |  1.0  | 0.696 |  0.5  | 0.375 |  0.787   |   0.559   |    0.787     |
|  f1-score |  0.93 | 0.667 | 0.667 | 0.154 | 0.833 | 0.381 | 0.435 | 0.471 | 0.133 | 0.762 | 0.667 | 0.316 |  0.787   |   0.535   |    0.778     |
|  support  | 235.0 |  12.0 |  27.0 |  12.0 |  6.0  |  16.0 |  25.0 |  14.0 |  1.0  |  23.0 |  2.0  |  8.0  |  0.787   |   381.0   |    381.0     |
+-----------+-------+-------+-------+-------+-------+-------+-------+-------+-------+-------+-------+-------+----------+-----------+--------------+
Epochs: 7 | Train Loss:  0.305             | Train Accuracy:  0.955
Test Accuracy:  0.753
+-----------+-------+-------+-------+-------+-------+-------+-------+-------+-----+-------+-----+-------+----------+-----------+--------------+
|           |   0   |   1   |   2   |   3   |   4   |   5   |   6   |   7   |  8  |   9   |  10 |   11  | accuracy | macro avg | weighted avg |
+-----------+-------+-------+-------+-------+-------+-------+-------+-------+-----+-------+-----+-------+----------+-----------+--------------+
| precision |  0.92 | 0.818 |  1.0  | 0.175 | 0.333 | 0.609 | 0.533 | 0.412 | 0.0 |  0.75 | 0.0 | 0.429 |  0.753   |   0.498   |    0.805     |
|   recall  | 0.928 |  0.75 | 0.037 | 0.583 | 0.333 | 0.875 |  0.32 |  0.5  | 0.0 | 0.783 | 0.0 | 0.375 |  0.753   |   0.457   |    0.753     |
|  f1-score | 0.924 | 0.783 | 0.071 | 0.269 | 0.333 | 0.718 |  0.4  | 0.452 | 0.0 | 0.766 | 0.0 |  0.4  |  0.753   |   0.426   |    0.741     |
|  support  | 235.0 |  12.0 |  27.0 |  12.0 |  6.0  |  16.0 |  25.0 |  14.0 | 1.0 |  23.0 | 2.0 |  8.0  |  0.753   |   381.0   |    381.0     |
+-----------+-------+-------+-------+-------+-------+-------+-------+-------+-----+-------+-----+-------+----------+-----------+--------------+
Epochs: 8 | Train Loss:  0.205             | Train Accuracy:  0.974
Test Accuracy:  0.803
+-----------+-------+-------+-------+-------+-------+------+-------+-------+-----+-------+-------+-------+----------+-----------+--------------+
|           |   0   |   1   |   2   |   3   |   4   |  5   |   6   |   7   |  8  |   9   |   10  |   11  | accuracy | macro avg | weighted avg |
+-----------+-------+-------+-------+-------+-------+------+-------+-------+-----+-------+-------+-------+----------+-----------+--------------+
| precision | 0.905 | 0.526 |  1.0  |  1.0  | 0.375 | 0.75 | 0.372 | 0.667 | 0.0 | 0.938 |  1.0  |  0.6  |  0.803   |   0.678   |    0.838     |
|   recall  | 0.974 | 0.833 |  0.37 | 0.083 |  0.5  | 0.75 |  0.64 | 0.429 | 0.0 | 0.652 |  0.5  | 0.375 |  0.803   |   0.509   |    0.803     |
|  f1-score | 0.939 | 0.645 | 0.541 | 0.154 | 0.429 | 0.75 | 0.471 | 0.522 | 0.0 | 0.769 | 0.667 | 0.462 |  0.803   |   0.529   |     0.79     |
|  support  | 235.0 |  12.0 |  27.0 |  12.0 |  6.0  | 16.0 |  25.0 |  14.0 | 1.0 |  23.0 |  2.0  |  8.0  |  0.803   |   381.0   |    381.0     |
+-----------+-------+-------+-------+-------+-------+------+-------+-------+-----+-------+-------+-------+----------+-----------+--------------+
Epochs: 9 | Train Loss:  0.212             | Train Accuracy:  0.960
Test Accuracy:  0.814
+-----------+-------+-------+-------+-------+-----+-------+-------+-------+-----+-------+-------+-------+----------+-----------+--------------+
|           |   0   |   1   |   2   |   3   |  4  |   5   |   6   |   7   |  8  |   9   |   10  |   11  | accuracy | macro avg | weighted avg |
+-----------+-------+-------+-------+-------+-----+-------+-------+-------+-----+-------+-------+-------+----------+-----------+--------------+
| precision | 0.928 |  1.0  | 0.667 | 0.571 | 0.0 |  0.8  |  0.55 | 0.243 | 0.0 | 0.929 |  1.0  |  1.0  |  0.814   |   0.641   |     0.83     |
|   recall  | 0.987 |  0.75 | 0.593 | 0.333 | 0.0 |  0.75 |  0.44 | 0.643 | 0.0 | 0.565 |  0.5  | 0.375 |  0.814   |   0.495   |    0.814     |
|  f1-score | 0.957 | 0.857 | 0.627 | 0.421 | 0.0 | 0.774 | 0.489 | 0.353 | 0.0 | 0.703 | 0.667 | 0.545 |  0.814   |   0.533   |     0.81     |
|  support  | 235.0 |  12.0 |  27.0 |  12.0 | 6.0 |  16.0 |  25.0 |  14.0 | 1.0 |  23.0 |  2.0  |  8.0  |  0.814   |   381.0   |    381.0     |
+-----------+-------+-------+-------+-------+-----+-------+-------+-------+-----+-------+-------+-------+----------+-----------+--------------+
Epochs: 10 | Train Loss:  0.261             | Train Accuracy:  0.969
Test Accuracy:  0.843
+-----------+-------+-------+-------+-------+-------+-------+-------+-------+-----+-------+-------+-------+----------+-----------+--------------+
|           |   0   |   1   |   2   |   3   |   4   |   5   |   6   |   7   |  8  |   9   |   10  |   11  | accuracy | macro avg | weighted avg |
+-----------+-------+-------+-------+-------+-------+-------+-------+-------+-----+-------+-------+-------+----------+-----------+--------------+
| precision | 0.893 |  0.9  | 0.679 |  0.35 |  1.0  | 0.769 | 0.824 | 0.875 | 0.0 | 0.889 |  1.0  |  1.0  |  0.843   |   0.765   |    0.852     |
|   recall  | 0.996 |  0.75 | 0.704 | 0.583 |  0.5  | 0.625 |  0.56 |  0.5  | 0.0 | 0.696 |  0.5  | 0.125 |  0.843   |   0.545   |    0.843     |
|  f1-score | 0.942 | 0.818 | 0.691 | 0.438 | 0.667 |  0.69 | 0.667 | 0.636 | 0.0 |  0.78 | 0.667 | 0.222 |  0.843   |   0.601   |    0.831     |
|  support  | 235.0 |  12.0 |  27.0 |  12.0 |  6.0  |  16.0 |  25.0 |  14.0 | 1.0 |  23.0 |  2.0  |  8.0  |  0.843   |   381.0   |    381.0     |
+-----------+-------+-------+-------+-------+-------+-------+-------+-------+-----+-------+-------+-------+----------+-----------+--------------+
Fold 2/4
Epochs: 1 | Train Loss:  1.368             | Train Accuracy:  0.697
Test Accuracy:  0.827
+-----------+-------+-------+-------+-------+-------+-------+-------+-------+-----+-------+-----+-----+----------+-----------+--------------+
|           |   0   |   1   |   2   |   3   |   4   |   5   |   6   |   7   |  8  |   9   |  10 |  11 | accuracy | macro avg | weighted avg |
+-----------+-------+-------+-------+-------+-------+-------+-------+-------+-----+-------+-----+-----+----------+-----------+--------------+
| precision | 0.932 |  1.0  |  0.5  | 0.286 |  0.25 | 0.682 | 0.667 |  1.0  | 0.0 | 0.857 | 0.0 | 0.0 |  0.827   |   0.514   |    0.819     |
|   recall  | 0.996 | 0.769 | 0.667 | 0.364 | 0.333 | 0.938 | 0.417 | 0.267 | 0.0 | 0.783 | 0.0 | 0.0 |  0.827   |   0.461   |    0.827     |
|  f1-score | 0.963 |  0.87 | 0.571 |  0.32 | 0.286 | 0.789 | 0.513 | 0.421 | 0.0 | 0.818 | 0.0 | 0.0 |  0.827   |   0.463   |    0.809     |
|  support  | 235.0 |  13.0 |  27.0 |  11.0 |  6.0  |  16.0 |  24.0 |  15.0 | 1.0 |  23.0 | 2.0 | 8.0 |  0.827   |   381.0   |    381.0     |
+-----------+-------+-------+-------+-------+-------+-------+-------+-------+-----+-------+-----+-----+----------+-----------+--------------+
Epochs: 2 | Train Loss:  0.563             | Train Accuracy:  0.866
Test Accuracy:  0.727
+-----------+-------+-------+-------+-------+-----+-------+------+-------+-----+-------+-----+-------+----------+-----------+--------------+
|           |   0   |   1   |   2   |   3   |  4  |   5   |  6   |   7   |  8  |   9   |  10 |   11  | accuracy | macro avg | weighted avg |
+-----------+-------+-------+-------+-------+-----+-------+------+-------+-----+-------+-----+-------+----------+-----------+--------------+
| precision | 0.969 |  1.0  | 0.917 | 0.375 | 0.0 |  1.0  | 0.0  | 0.292 | 0.0 | 0.269 | 0.0 | 0.059 |  0.727   |   0.407   |    0.779     |
|   recall  | 0.936 | 0.615 | 0.407 | 0.273 | 0.0 | 0.375 | 0.0  | 0.467 | 0.0 | 0.913 | 0.0 | 0.125 |  0.727   |   0.343   |    0.727     |
|  f1-score | 0.952 | 0.762 | 0.564 | 0.316 | 0.0 | 0.545 | 0.0  | 0.359 | 0.0 | 0.416 | 0.0 |  0.08 |  0.727   |   0.333   |    0.726     |
|  support  | 235.0 |  13.0 |  27.0 |  11.0 | 6.0 |  16.0 | 24.0 |  15.0 | 1.0 |  23.0 | 2.0 |  8.0  |  0.727   |   381.0   |    381.0     |
+-----------+-------+-------+-------+-------+-----+-------+------+-------+-----+-------+-----+-------+----------+-----------+--------------+
Epochs: 3 | Train Loss:  0.461             | Train Accuracy:  0.916
Test Accuracy:  0.764
+-----------+-------+-------+-------+------+-------+-------+-------+-------+-----+-------+-----+-----+----------+-----------+--------------+
|           |   0   |   1   |   2   |  3   |   4   |   5   |   6   |   7   |  8  |   9   |  10 |  11 | accuracy | macro avg | weighted avg |
+-----------+-------+-------+-------+------+-------+-------+-------+-------+-----+-------+-----+-----+----------+-----------+--------------+
| precision | 0.965 | 0.909 |  0.7  | 0.0  | 0.167 | 0.786 |  0.75 | 0.173 | 0.0 |  1.0  | 0.5 | 0.0 |  0.764   |   0.496   |    0.828     |
|   recall  | 0.928 | 0.769 | 0.519 | 0.0  | 0.167 | 0.688 |  0.25 | 0.867 | 0.0 | 0.739 | 0.5 | 0.0 |  0.764   |   0.452   |    0.764     |
|  f1-score | 0.946 | 0.833 | 0.596 | 0.0  | 0.167 | 0.733 | 0.375 | 0.289 | 0.0 |  0.85 | 0.5 | 0.0 |  0.764   |   0.441   |    0.776     |
|  support  | 235.0 |  13.0 |  27.0 | 11.0 |  6.0  |  16.0 |  24.0 |  15.0 | 1.0 |  23.0 | 2.0 | 8.0 |  0.764   |   381.0   |    381.0     |
+-----------+-------+-------+-------+------+-------+-------+-------+-------+-----+-------+-----+-----+----------+-----------+--------------+
Epochs: 4 | Train Loss:  0.257             | Train Accuracy:  0.953
Test Accuracy:  0.753
+-----------+-------+-------+-------+-------+-------+-------+-------+-------+-----+-------+-----+-------+----------+-----------+--------------+
|           |   0   |   1   |   2   |   3   |   4   |   5   |   6   |   7   |  8  |   9   |  10 |   11  | accuracy | macro avg | weighted avg |
+-----------+-------+-------+-------+-------+-------+-------+-------+-------+-----+-------+-----+-------+----------+-----------+--------------+
| precision | 0.936 |  1.0  |  0.65 | 0.182 | 0.111 |  1.0  | 0.591 | 0.259 | 0.0 | 0.531 | 0.0 |  0.5  |  0.753   |    0.48   |    0.797     |
|   recall  | 0.936 | 0.769 | 0.481 | 0.364 | 0.167 | 0.062 | 0.542 | 0.467 | 0.0 | 0.739 | 0.0 | 0.125 |  0.753   |   0.388   |    0.753     |
|  f1-score | 0.936 |  0.87 | 0.553 | 0.242 | 0.133 | 0.118 | 0.565 | 0.333 | 0.0 | 0.618 | 0.0 |  0.2  |  0.753   |   0.381   |    0.751     |
|  support  | 235.0 |  13.0 |  27.0 |  11.0 |  6.0  |  16.0 |  24.0 |  15.0 | 1.0 |  23.0 | 2.0 |  8.0  |  0.753   |   381.0   |    381.0     |
+-----------+-------+-------+-------+-------+-------+-------+-------+-------+-----+-------+-----+-------+----------+-----------+--------------+
Epochs: 5 | Train Loss:  0.383             | Train Accuracy:  0.941
Test Accuracy:  0.803
+-----------+-------+-------+-------+-------+-------+-------+-------+-------+-----+-------+-------+-----+----------+-----------+--------------+
|           |   0   |   1   |   2   |   3   |   4   |   5   |   6   |   7   |  8  |   9   |   10  |  11 | accuracy | macro avg | weighted avg |
+-----------+-------+-------+-------+-------+-------+-------+-------+-------+-----+-------+-------+-----+----------+-----------+--------------+
| precision | 0.966 | 0.909 | 0.737 | 0.375 | 0.111 | 0.706 | 0.375 |  1.0  | 0.0 | 0.512 |  0.25 | 0.0 |  0.803   |   0.495   |    0.816     |
|   recall  | 0.966 | 0.769 | 0.519 | 0.273 | 0.167 |  0.75 |  0.5  | 0.333 | 0.0 | 0.913 |  0.5  | 0.0 |  0.803   |   0.474   |    0.803     |
|  f1-score | 0.966 | 0.833 | 0.609 | 0.316 | 0.133 | 0.727 | 0.429 |  0.5  | 0.0 | 0.656 | 0.333 | 0.0 |  0.803   |   0.459   |    0.797     |
|  support  | 235.0 |  13.0 |  27.0 |  11.0 |  6.0  |  16.0 |  24.0 |  15.0 | 1.0 |  23.0 |  2.0  | 8.0 |  0.803   |   381.0   |    381.0     |
+-----------+-------+-------+-------+-------+-------+-------+-------+-------+-----+-------+-------+-----+----------+-----------+--------------+
Epochs: 6 | Train Loss:  0.270             | Train Accuracy:  0.959
Test Accuracy:  0.808
+-----------+-------+-------+-------+------+-------+-------+-------+-------+-----+-------+-------+-------+----------+-----------+--------------+
|           |   0   |   1   |   2   |  3   |   4   |   5   |   6   |   7   |  8  |   9   |   10  |   11  | accuracy | macro avg | weighted avg |
+-----------+-------+-------+-------+------+-------+-------+-------+-------+-----+-------+-------+-------+----------+-----------+--------------+
| precision | 0.886 | 0.833 |  0.75 | 0.0  |  1.0  | 0.667 | 0.733 | 0.636 | 0.0 |  1.0  |  1.0  | 0.111 |  0.808   |   0.635   |    0.811     |
|   recall  | 0.996 | 0.769 | 0.444 | 0.0  | 0.167 |  0.75 | 0.458 | 0.467 | 0.0 | 0.783 |  0.5  |  0.25 |  0.808   |   0.465   |    0.808     |
|  f1-score | 0.938 |  0.8  | 0.558 | 0.0  | 0.286 | 0.706 | 0.564 | 0.538 | 0.0 | 0.878 | 0.667 | 0.154 |  0.808   |   0.507   |    0.796     |
|  support  | 235.0 |  13.0 |  27.0 | 11.0 |  6.0  |  16.0 |  24.0 |  15.0 | 1.0 |  23.0 |  2.0  |  8.0  |  0.808   |   381.0   |    381.0     |
+-----------+-------+-------+-------+------+-------+-------+-------+-------+-----+-------+-------+-------+----------+-----------+--------------+
Epochs: 7 | Train Loss:  0.242             | Train Accuracy:  0.962
Test Accuracy:  0.822
+-----------+-------+-------+-------+------+-------+-------+-------+-------+-----+-------+-------+-------+----------+-----------+--------------+
|           |   0   |   1   |   2   |  3   |   4   |   5   |   6   |   7   |  8  |   9   |   10  |   11  | accuracy | macro avg | weighted avg |
+-----------+-------+-------+-------+------+-------+-------+-------+-------+-----+-------+-------+-------+----------+-----------+--------------+
| precision |  0.87 | 0.917 | 0.667 | 0.0  |  1.0  |  0.56 | 0.682 | 0.625 | 0.0 |  1.0  |  1.0  |  1.0  |  0.822   |   0.693   |    0.809     |
|   recall  | 0.996 | 0.846 | 0.519 | 0.0  | 0.167 | 0.875 | 0.625 | 0.333 | 0.0 | 0.739 |  0.5  | 0.125 |  0.822   |   0.477   |    0.822     |
|  f1-score | 0.929 |  0.88 | 0.583 | 0.0  | 0.286 | 0.683 | 0.652 | 0.435 | 0.0 |  0.85 | 0.667 | 0.222 |  0.822   |   0.516   |    0.795     |
|  support  | 235.0 |  13.0 |  27.0 | 11.0 |  6.0  |  16.0 |  24.0 |  15.0 | 1.0 |  23.0 |  2.0  |  8.0  |  0.822   |   381.0   |    381.0     |
+-----------+-------+-------+-------+------+-------+-------+-------+-------+-----+-------+-------+-------+----------+-----------+--------------+
Epochs: 8 | Train Loss:  0.275             | Train Accuracy:  0.957
Test Accuracy:  0.824
+-----------+-------+-------+-------+-------+-------+-------+-------+-------+-----+-------+-------+-------+----------+-----------+--------------+
|           |   0   |   1   |   2   |   3   |   4   |   5   |   6   |   7   |  8  |   9   |   10  |   11  | accuracy | macro avg | weighted avg |
+-----------+-------+-------+-------+-------+-------+-------+-------+-------+-----+-------+-------+-------+----------+-----------+--------------+
| precision |  0.97 | 0.909 |  0.8  |  0.2  |  1.0  | 0.469 | 0.562 | 0.545 | 0.0 |  1.0  |  1.0  |  0.2  |  0.824   |   0.638   |    0.854     |
|   recall  | 0.974 | 0.769 | 0.444 | 0.364 | 0.167 | 0.938 |  0.75 |  0.4  | 0.0 | 0.739 |  0.5  | 0.125 |  0.824   |   0.514   |    0.824     |
|  f1-score | 0.972 | 0.833 | 0.571 | 0.258 | 0.286 | 0.625 | 0.643 | 0.462 | 0.0 |  0.85 | 0.667 | 0.154 |  0.824   |   0.527   |    0.824     |
|  support  | 235.0 |  13.0 |  27.0 |  11.0 |  6.0  |  16.0 |  24.0 |  15.0 | 1.0 |  23.0 |  2.0  |  8.0  |  0.824   |   381.0   |    381.0     |
+-----------+-------+-------+-------+-------+-------+-------+-------+-------+-----+-------+-------+-------+----------+-----------+--------------+
Epochs: 9 | Train Loss:  0.193             | Train Accuracy:  0.976
Test Accuracy:  0.816
+-----------+-------+-------+-------+-------+-----+-------+-------+-------+-----+-------+-------+-------+----------+-----------+--------------+
|           |   0   |   1   |   2   |   3   |  4  |   5   |   6   |   7   |  8  |   9   |   10  |   11  | accuracy | macro avg | weighted avg |
+-----------+-------+-------+-------+-------+-----+-------+-------+-------+-----+-------+-------+-------+----------+-----------+--------------+
| precision | 0.914 |  1.0  | 0.706 | 0.188 | 0.0 | 0.667 | 0.609 | 0.333 | 0.0 |  1.0  |  1.0  | 0.333 |  0.816   |   0.562   |    0.805     |
|   recall  | 0.996 | 0.692 | 0.444 | 0.273 | 0.0 | 0.875 | 0.583 |  0.4  | 0.0 | 0.739 |  0.5  | 0.125 |  0.816   |   0.469   |    0.816     |
|  f1-score | 0.953 | 0.818 | 0.545 | 0.222 | 0.0 | 0.757 | 0.596 | 0.364 | 0.0 |  0.85 | 0.667 | 0.182 |  0.816   |   0.496   |    0.803     |
|  support  | 235.0 |  13.0 |  27.0 |  11.0 | 6.0 |  16.0 |  24.0 |  15.0 | 1.0 |  23.0 |  2.0  |  8.0  |  0.816   |   381.0   |    381.0     |
+-----------+-------+-------+-------+-------+-----+-------+-------+-------+-----+-------+-------+-------+----------+-----------+--------------+
Epochs: 10 | Train Loss:  0.229             | Train Accuracy:  0.973
Test Accuracy:  0.819
+-----------+-------+-------+-------+-------+-------+-------+-------+-------+-----+-------+-------+-------+----------+-----------+--------------+
|           |   0   |   1   |   2   |   3   |   4   |   5   |   6   |   7   |  8  |   9   |   10  |   11  | accuracy | macro avg | weighted avg |
+-----------+-------+-------+-------+-------+-------+-------+-------+-------+-----+-------+-------+-------+----------+-----------+--------------+
| precision |  0.94 | 0.857 | 0.594 |  0.5  |  0.2  |  0.7  |  0.75 | 0.375 | 0.0 |  0.69 |  1.0  | 0.143 |  0.819   |   0.562   |     0.81     |
|   recall  | 0.991 | 0.462 | 0.704 | 0.182 | 0.167 | 0.875 | 0.375 |  0.4  | 0.0 |  0.87 |  0.5  | 0.125 |  0.819   |   0.471   |    0.819     |
|  f1-score | 0.965 |  0.6  | 0.644 | 0.267 | 0.182 | 0.778 |  0.5  | 0.387 | 0.0 | 0.769 | 0.667 | 0.133 |  0.819   |   0.491   |    0.804     |
|  support  | 235.0 |  13.0 |  27.0 |  11.0 |  6.0  |  16.0 |  24.0 |  15.0 | 1.0 |  23.0 |  2.0  |  8.0  |  0.819   |   381.0   |    381.0     |
+-----------+-------+-------+-------+-------+-------+-------+-------+-------+-----+-------+-------+-------+----------+-----------+--------------+
Fold 3/4
Epochs: 1 | Train Loss:  2.037             | Train Accuracy:  0.678
Test Accuracy:  0.777
+-----------+-------+-------+-------+------+-------+-------+-------+-------+-----+-------+-------+-------+----------+-----------+--------------+
|           |   0   |   1   |   2   |  3   |   4   |   5   |   6   |   7   |  8  |   9   |   10  |   11  | accuracy | macro avg | weighted avg |
+-----------+-------+-------+-------+------+-------+-------+-------+-------+-----+-------+-------+-------+----------+-----------+--------------+
| precision |  0.86 | 0.889 | 0.818 | 0.0  | 0.077 | 0.714 | 0.385 |  1.0  | 0.0 | 0.889 | 0.091 |  1.0  |  0.777   |    0.56   |    0.791     |
|   recall  | 0.992 | 0.615 | 0.333 | 0.0  | 0.167 | 0.625 | 0.417 |  0.4  | 0.0 | 0.727 |  1.0  | 0.111 |  0.777   |   0.449   |    0.777     |
|  f1-score | 0.921 | 0.727 | 0.474 | 0.0  | 0.105 | 0.667 |  0.4  | 0.571 | 0.0 |  0.8  | 0.167 |  0.2  |  0.777   |   0.419   |    0.758     |
|  support  | 236.0 |  13.0 |  27.0 | 11.0 |  6.0  |  16.0 |  24.0 |  15.0 | 1.0 |  22.0 |  1.0  |  9.0  |  0.777   |   381.0   |    381.0     |
+-----------+-------+-------+-------+------+-------+-------+-------+-------+-----+-------+-------+-------+----------+-----------+--------------+
Epochs: 2 | Train Loss:  0.847             | Train Accuracy:  0.840
Test Accuracy:  0.774
+-----------+-------+-------+-------+-------+-----+-------+-------+-------+-----+-------+-----+-------+----------+-----------+--------------+
|           |   0   |   1   |   2   |   3   |  4  |   5   |   6   |   7   |  8  |   9   |  10 |   11  | accuracy | macro avg | weighted avg |
+-----------+-------+-------+-------+-------+-----+-------+-------+-------+-----+-------+-----+-------+----------+-----------+--------------+
| precision |  0.88 | 0.875 | 0.846 |  0.6  | 0.0 | 0.556 | 0.429 | 0.667 | 0.0 |  1.0  | 0.0 | 0.036 |  0.774   |   0.491   |    0.787     |
|   recall  | 0.992 | 0.538 | 0.407 | 0.273 | 0.0 | 0.625 |  0.25 |  0.4  | 0.0 | 0.773 | 0.0 | 0.111 |  0.774   |   0.364   |    0.774     |
|  f1-score | 0.932 | 0.667 |  0.55 | 0.375 | 0.0 | 0.588 | 0.316 |  0.5  | 0.0 | 0.872 | 0.0 | 0.054 |  0.774   |   0.404   |    0.766     |
|  support  | 236.0 |  13.0 |  27.0 |  11.0 | 6.0 |  16.0 |  24.0 |  15.0 | 1.0 |  22.0 | 1.0 |  9.0  |  0.774   |   381.0   |    381.0     |
+-----------+-------+-------+-------+-------+-----+-------+-------+-------+-----+-------+-----+-------+----------+-----------+--------------+
Epochs: 3 | Train Loss:  0.538             | Train Accuracy:  0.899
Test Accuracy:  0.795
+-----------+-------+-------+-------+-------+-----+-------+-------+-------+-----+-------+-----+-------+----------+-----------+--------------+
|           |   0   |   1   |   2   |   3   |  4  |   5   |   6   |   7   |  8  |   9   |  10 |   11  | accuracy | macro avg | weighted avg |
+-----------+-------+-------+-------+-------+-----+-------+-------+-------+-----+-------+-----+-------+----------+-----------+--------------+
| precision | 0.866 |  1.0  | 0.586 |  0.5  | 0.0 |  1.0  | 0.556 |  0.7  | 0.0 |  0.75 | 0.0 |  0.2  |  0.795   |   0.513   |    0.779     |
|   recall  | 0.987 | 0.538 |  0.63 | 0.364 | 0.0 | 0.688 | 0.208 | 0.467 | 0.0 | 0.818 | 0.0 | 0.111 |  0.795   |   0.401   |    0.795     |
|  f1-score | 0.923 |  0.7  | 0.607 | 0.421 | 0.0 | 0.815 | 0.303 |  0.56 | 0.0 | 0.783 | 0.0 | 0.143 |  0.795   |   0.438   |    0.775     |
|  support  | 236.0 |  13.0 |  27.0 |  11.0 | 6.0 |  16.0 |  24.0 |  15.0 | 1.0 |  22.0 | 1.0 |  9.0  |  0.795   |   381.0   |    381.0     |
+-----------+-------+-------+-------+-------+-----+-------+-------+-------+-----+-------+-----+-------+----------+-----------+--------------+
Epochs: 4 | Train Loss:  0.558             | Train Accuracy:  0.896
Test Accuracy:  0.690
+-----------+-------+-------+-------+-------+-----+-------+-------+-------+-----+-------+-----+-------+----------+-----------+--------------+
|           |   0   |   1   |   2   |   3   |  4  |   5   |   6   |   7   |  8  |   9   |  10 |   11  | accuracy | macro avg | weighted avg |
+-----------+-------+-------+-------+-------+-----+-------+-------+-------+-----+-------+-----+-------+----------+-----------+--------------+
| precision | 0.936 |  1.0  |  0.45 |  1.0  | 0.0 |  1.0  | 0.625 |  0.75 | 0.0 | 0.594 | 0.0 | 0.044 |   0.69   |   0.533   |    0.821     |
|   recall  | 0.864 | 0.538 | 0.667 | 0.182 | 0.0 | 0.125 | 0.208 |  0.2  | 0.0 | 0.864 | 0.0 | 0.333 |   0.69   |   0.332   |     0.69     |
|  f1-score | 0.899 |  0.7  | 0.537 | 0.308 | 0.0 | 0.222 | 0.312 | 0.316 | 0.0 | 0.704 | 0.0 | 0.078 |   0.69   |    0.34   |    0.711     |
|  support  | 236.0 |  13.0 |  27.0 |  11.0 | 6.0 |  16.0 |  24.0 |  15.0 | 1.0 |  22.0 | 1.0 |  9.0  |   0.69   |   381.0   |    381.0     |
+-----------+-------+-------+-------+-------+-----+-------+-------+-------+-----+-------+-----+-------+----------+-----------+--------------+
Epochs: 5 | Train Loss:  0.561             | Train Accuracy:  0.926
Test Accuracy:  0.795
+-----------+-------+-------+-------+-------+-----+-------+-------+-------+-----+-------+-----+-------+----------+-----------+--------------+
|           |   0   |   1   |   2   |   3   |  4  |   5   |   6   |   7   |  8  |   9   |  10 |   11  | accuracy | macro avg | weighted avg |
+-----------+-------+-------+-------+-------+-----+-------+-------+-------+-----+-------+-----+-------+----------+-----------+--------------+
| precision | 0.888 |  1.0  | 0.395 |  0.75 | 0.0 | 0.632 | 0.474 | 0.875 | 0.0 |  0.85 | 0.0 |  1.0  |  0.795   |   0.572   |    0.797     |
|   recall  | 0.975 | 0.538 |  0.63 | 0.273 | 0.0 |  0.75 | 0.375 | 0.467 | 0.0 | 0.773 | 0.0 | 0.111 |  0.795   |   0.408   |    0.795     |
|  f1-score | 0.929 |  0.7  | 0.486 |  0.4  | 0.0 | 0.686 | 0.419 | 0.609 | 0.0 |  0.81 | 0.0 |  0.2  |  0.795   |   0.436   |    0.776     |
|  support  | 236.0 |  13.0 |  27.0 |  11.0 | 6.0 |  16.0 |  24.0 |  15.0 | 1.0 |  22.0 | 1.0 |  9.0  |  0.795   |   381.0   |    381.0     |
+-----------+-------+-------+-------+-------+-----+-------+-------+-------+-----+-------+-----+-------+----------+-----------+--------------+
Epochs: 6 | Train Loss:  0.356             | Train Accuracy:  0.953
Test Accuracy:  0.801
+-----------+-------+-------+-------+-------+-----+------+-------+-------+-----+-------+-----+-------+----------+-----------+--------------+
|           |   0   |   1   |   2   |   3   |  4  |  5   |   6   |   7   |  8  |   9   |  10 |   11  | accuracy | macro avg | weighted avg |
+-----------+-------+-------+-------+-------+-----+------+-------+-------+-----+-------+-----+-------+----------+-----------+--------------+
| precision | 0.879 | 0.778 |  0.64 | 0.312 | 0.0 | 0.75 |  0.5  |  0.75 | 0.0 | 0.704 | 0.0 |  0.5  |  0.801   |   0.484   |    0.771     |
|   recall  | 0.987 | 0.538 | 0.593 | 0.455 | 0.0 | 0.75 |  0.25 |  0.4  | 0.0 | 0.864 | 0.0 | 0.111 |  0.801   |   0.412   |    0.801     |
|  f1-score |  0.93 | 0.636 | 0.615 |  0.37 | 0.0 | 0.75 | 0.333 | 0.522 | 0.0 | 0.776 | 0.0 | 0.182 |  0.801   |   0.426   |    0.774     |
|  support  | 236.0 |  13.0 |  27.0 |  11.0 | 6.0 | 16.0 |  24.0 |  15.0 | 1.0 |  22.0 | 1.0 |  9.0  |  0.801   |   381.0   |    381.0     |
+-----------+-------+-------+-------+-------+-----+------+-------+-------+-----+-------+-----+-------+----------+-----------+--------------+
Epochs: 7 | Train Loss:  0.235             | Train Accuracy:  0.963
Test Accuracy:  0.803
+-----------+-------+-------+-------+-------+-----+-------+-------+-------+-----+-------+-----+-------+----------+-----------+--------------+
|           |   0   |   1   |   2   |   3   |  4  |   5   |   6   |   7   |  8  |   9   |  10 |   11  | accuracy | macro avg | weighted avg |
+-----------+-------+-------+-------+-------+-----+-------+-------+-------+-----+-------+-----+-------+----------+-----------+--------------+
| precision | 0.852 | 0.857 | 0.778 |  1.0  | 0.0 | 0.765 | 0.471 | 0.857 | 0.0 |  0.9  | 0.0 |  0.25 |  0.803   |   0.561   |    0.794     |
|   recall  |  1.0  | 0.462 | 0.519 | 0.273 | 0.0 | 0.812 | 0.333 |  0.4  | 0.0 | 0.818 | 0.0 | 0.222 |  0.803   |   0.403   |    0.803     |
|  f1-score |  0.92 |  0.6  | 0.622 | 0.429 | 0.0 | 0.788 |  0.39 | 0.545 | 0.0 | 0.857 | 0.0 | 0.235 |  0.803   |   0.449   |    0.781     |
|  support  | 236.0 |  13.0 |  27.0 |  11.0 | 6.0 |  16.0 |  24.0 |  15.0 | 1.0 |  22.0 | 1.0 |  9.0  |  0.803   |   381.0   |    381.0     |
+-----------+-------+-------+-------+-------+-----+-------+-------+-------+-----+-------+-----+-------+----------+-----------+--------------+
Epochs: 8 | Train Loss:  0.291             | Train Accuracy:  0.966
Test Accuracy:  0.785
+-----------+-------+-------+-------+-------+-----+-------+-------+-------+-----+-------+-----+-------+----------+-----------+--------------+
|           |   0   |   1   |   2   |   3   |  4  |   5   |   6   |   7   |  8  |   9   |  10 |   11  | accuracy | macro avg | weighted avg |
+-----------+-------+-------+-------+-------+-----+-------+-------+-------+-----+-------+-----+-------+----------+-----------+--------------+
| precision | 0.908 |  0.75 |  1.0  | 0.267 | 0.0 | 0.619 | 0.344 |  1.0  | 0.0 | 0.643 | 0.0 | 0.167 |  0.785   |   0.475   |    0.795     |
|   recall  | 0.966 | 0.692 | 0.333 | 0.364 | 0.0 | 0.812 | 0.458 |  0.4  | 0.0 | 0.818 | 0.0 | 0.111 |  0.785   |   0.413   |    0.785     |
|  f1-score | 0.936 |  0.72 |  0.5  | 0.308 | 0.0 | 0.703 | 0.393 | 0.571 | 0.0 |  0.72 | 0.0 | 0.133 |  0.785   |   0.415   |     0.77     |
|  support  | 236.0 |  13.0 |  27.0 |  11.0 | 6.0 |  16.0 |  24.0 |  15.0 | 1.0 |  22.0 | 1.0 |  9.0  |  0.785   |   381.0   |    381.0     |
+-----------+-------+-------+-------+-------+-----+-------+-------+-------+-----+-------+-----+-------+----------+-----------+--------------+
Epochs: 9 | Train Loss:  0.223             | Train Accuracy:  0.969
Test Accuracy:  0.782
+-----------+-------+-------+-------+-------+-----+-------+-------+-------+-----+-------+-----+-------+----------+-----------+--------------+
|           |   0   |   1   |   2   |   3   |  4  |   5   |   6   |   7   |  8  |   9   |  10 |   11  | accuracy | macro avg | weighted avg |
+-----------+-------+-------+-------+-------+-----+-------+-------+-------+-----+-------+-----+-------+----------+-----------+--------------+
| precision | 0.933 |  1.0  | 0.472 | 0.192 | 0.0 | 0.565 | 0.444 |  0.75 | 0.0 |  1.0  | 0.0 | 0.333 |  0.782   |   0.474   |    0.798     |
|   recall  | 0.949 | 0.538 |  0.63 | 0.455 | 0.0 | 0.812 | 0.333 |  0.4  | 0.0 | 0.727 | 0.0 | 0.222 |  0.782   |   0.422   |    0.782     |
|  f1-score | 0.941 |  0.7  |  0.54 |  0.27 | 0.0 | 0.667 | 0.381 | 0.522 | 0.0 | 0.842 | 0.0 | 0.267 |  0.782   |   0.427   |     0.78     |
|  support  | 236.0 |  13.0 |  27.0 |  11.0 | 6.0 |  16.0 |  24.0 |  15.0 | 1.0 |  22.0 | 1.0 |  9.0  |  0.782   |   381.0   |    381.0     |
+-----------+-------+-------+-------+-------+-----+-------+-------+-------+-----+-------+-----+-------+----------+-----------+--------------+
Epochs: 10 | Train Loss:  0.331             | Train Accuracy:  0.958
Test Accuracy:  0.766
+-----------+-------+-------+-------+-------+-------+-------+-------+-------+-----+-------+-------+-----+----------+-----------+--------------+
|           |   0   |   1   |   2   |   3   |   4   |   5   |   6   |   7   |  8  |   9   |   10  |  11 | accuracy | macro avg | weighted avg |
+-----------+-------+-------+-------+-------+-------+-------+-------+-------+-----+-------+-------+-----+----------+-----------+--------------+
| precision | 0.923 | 0.348 | 0.909 | 0.667 | 0.049 |  1.0  |  0.4  | 0.857 | 0.0 |  0.9  |  0.5  | 0.0 |  0.766   |   0.546   |    0.822     |
|   recall  |  0.97 | 0.615 |  0.37 | 0.364 | 0.333 |  0.5  |  0.25 |  0.4  | 0.0 | 0.818 |  1.0  | 0.0 |  0.766   |   0.468   |    0.766     |
|  f1-score | 0.946 | 0.444 | 0.526 | 0.471 | 0.085 | 0.667 | 0.308 | 0.545 | 0.0 | 0.857 | 0.667 | 0.0 |  0.766   |    0.46   |    0.774     |
|  support  | 236.0 |  13.0 |  27.0 |  11.0 |  6.0  |  16.0 |  24.0 |  15.0 | 1.0 |  22.0 |  1.0  | 9.0 |  0.766   |   381.0   |    381.0     |
+-----------+-------+-------+-------+-------+-------+-------+-------+-------+-----+-------+-------+-----+----------+-----------+--------------+
Fold 4/4
Epochs: 1 | Train Loss:  1.406             | Train Accuracy:  0.710
Test Accuracy:  0.766
+-----------+-------+-------+-------+-------+-------+-------+-------+-------+-----+-------+-----+-------+----------+-----------+--------------+
|           |   0   |   1   |   2   |   3   |   4   |   5   |   6   |   7   |  8  |   9   |  10 |   11  | accuracy | macro avg | weighted avg |
+-----------+-------+-------+-------+-------+-------+-------+-------+-------+-----+-------+-----+-------+----------+-----------+--------------+
| precision | 0.941 | 0.889 | 0.722 | 0.154 | 0.333 | 0.262 | 0.478 |  0.5  | 0.0 | 0.909 | 0.0 | 0.455 |  0.766   |    0.47   |    0.795     |
|   recall  | 0.953 | 0.667 |  0.5  | 0.167 | 0.143 | 0.688 | 0.458 |  0.4  | 0.0 | 0.455 | 0.0 | 0.556 |  0.766   |   0.415   |    0.766     |
|  f1-score | 0.947 | 0.762 | 0.591 |  0.16 |  0.2  | 0.379 | 0.468 | 0.444 | 0.0 | 0.606 | 0.0 |  0.5  |  0.766   |   0.422   |     0.77     |
|  support  | 236.0 |  12.0 |  26.0 |  12.0 |  7.0  |  16.0 |  24.0 |  15.0 | 1.0 |  22.0 | 1.0 |  9.0  |  0.766   |   381.0   |    381.0     |
+-----------+-------+-------+-------+-------+-------+-------+-------+-------+-----+-------+-----+-------+----------+-----------+--------------+
Epochs: 2 | Train Loss:  0.536             | Train Accuracy:  0.876
Test Accuracy:  0.808
+-----------+-------+-------+-------+-------+-------+-------+-------+-------+-----+-------+-----+-------+----------+-----------+--------------+
|           |   0   |   1   |   2   |   3   |   4   |   5   |   6   |   7   |  8  |   9   |  10 |   11  | accuracy | macro avg | weighted avg |
+-----------+-------+-------+-------+-------+-------+-------+-------+-------+-----+-------+-----+-------+----------+-----------+--------------+
| precision | 0.914 |  0.8  | 0.875 | 0.389 | 0.667 | 0.611 |  0.4  | 0.625 | 0.0 | 0.765 | 0.0 |  1.0  |  0.808   |   0.587   |    0.819     |
|   recall  | 0.987 | 0.667 | 0.538 | 0.583 | 0.286 | 0.688 | 0.583 | 0.333 | 0.0 | 0.591 | 0.0 | 0.111 |  0.808   |   0.447   |    0.808     |
|  f1-score | 0.949 | 0.727 | 0.667 | 0.467 |  0.4  | 0.647 | 0.475 | 0.435 | 0.0 | 0.667 | 0.0 |  0.2  |  0.808   |   0.469   |    0.796     |
|  support  | 236.0 |  12.0 |  26.0 |  12.0 |  7.0  |  16.0 |  24.0 |  15.0 | 1.0 |  22.0 | 1.0 |  9.0  |  0.808   |   381.0   |    381.0     |
+-----------+-------+-------+-------+-------+-------+-------+-------+-------+-----+-------+-----+-------+----------+-----------+--------------+
Epochs: 3 | Train Loss:  0.298             | Train Accuracy:  0.935
Test Accuracy:  0.798
+-----------+-------+-------+-------+-------+-------+-------+-------+------+-----+-------+-----+-------+----------+-----------+--------------+
|           |   0   |   1   |   2   |   3   |   4   |   5   |   6   |  7   |  8  |   9   |  10 |   11  | accuracy | macro avg | weighted avg |
+-----------+-------+-------+-------+-------+-------+-------+-------+------+-----+-------+-----+-------+----------+-----------+--------------+
| precision | 0.909 | 0.889 |  0.5  | 0.273 |  1.0  | 0.562 |  0.7  | 0.6  | 0.0 | 0.875 | 0.0 | 0.556 |  0.798   |   0.572   |    0.807     |
|   recall  | 0.979 | 0.667 | 0.654 |  0.5  | 0.143 | 0.562 | 0.292 | 0.4  | 0.0 | 0.636 | 0.0 | 0.556 |  0.798   |   0.449   |    0.798     |
|  f1-score | 0.943 | 0.762 | 0.567 | 0.353 |  0.25 | 0.562 | 0.412 | 0.48 | 0.0 | 0.737 | 0.0 | 0.556 |  0.798   |   0.468   |    0.787     |
|  support  | 236.0 |  12.0 |  26.0 |  12.0 |  7.0  |  16.0 |  24.0 | 15.0 | 1.0 |  22.0 | 1.0 |  9.0  |  0.798   |   381.0   |    381.0     |
+-----------+-------+-------+-------+-------+-------+-------+-------+------+-----+-------+-----+-------+----------+-----------+--------------+
Epochs: 4 | Train Loss:  0.252             | Train Accuracy:  0.948
Test Accuracy:  0.816
+-----------+-------+-------+-------+-------+-------+-------+-------+-------+-----+-------+-----+-------+----------+-----------+--------------+
|           |   0   |   1   |   2   |   3   |   4   |   5   |   6   |   7   |  8  |   9   |  10 |   11  | accuracy | macro avg | weighted avg |
+-----------+-------+-------+-------+-------+-------+-------+-------+-------+-----+-------+-----+-------+----------+-----------+--------------+
| precision | 0.943 | 0.533 | 0.552 | 0.444 |  1.0  | 0.647 | 0.733 |  0.4  | 0.0 | 0.882 | 0.0 | 0.444 |  0.816   |   0.548   |    0.822     |
|   recall  | 0.983 | 0.667 | 0.615 | 0.333 | 0.286 | 0.688 | 0.458 | 0.533 | 0.0 | 0.682 | 0.0 | 0.444 |  0.816   |   0.474   |    0.816     |
|  f1-score | 0.963 | 0.593 | 0.582 | 0.381 | 0.444 | 0.667 | 0.564 | 0.457 | 0.0 | 0.769 | 0.0 | 0.444 |  0.816   |   0.489   |    0.811     |
|  support  | 236.0 |  12.0 |  26.0 |  12.0 |  7.0  |  16.0 |  24.0 |  15.0 | 1.0 |  22.0 | 1.0 |  9.0  |  0.816   |   381.0   |    381.0     |
+-----------+-------+-------+-------+-------+-------+-------+-------+-------+-----+-------+-----+-------+----------+-----------+--------------+
Epochs: 5 | Train Loss:  0.269             | Train Accuracy:  0.960
Test Accuracy:  0.801
+-----------+-------+-------+-------+-------+-------+-------+-------+-------+-----+-------+-----+-------+----------+-----------+--------------+
|           |   0   |   1   |   2   |   3   |   4   |   5   |   6   |   7   |  8  |   9   |  10 |   11  | accuracy | macro avg | weighted avg |
+-----------+-------+-------+-------+-------+-------+-------+-------+-------+-----+-------+-----+-------+----------+-----------+--------------+
| precision | 0.881 | 0.435 | 0.933 |  0.4  |  0.5  | 0.556 | 0.591 | 0.692 | 0.0 | 0.917 | 0.0 |  0.6  |  0.801   |   0.542   |     0.8      |
|   recall  | 0.975 | 0.833 | 0.538 | 0.333 | 0.143 | 0.625 | 0.542 |  0.6  | 0.0 |  0.5  | 0.0 | 0.333 |  0.801   |   0.452   |    0.801     |
|  f1-score | 0.926 | 0.571 | 0.683 | 0.364 | 0.222 | 0.588 | 0.565 | 0.643 | 0.0 | 0.647 | 0.0 | 0.429 |  0.801   |    0.47   |    0.787     |
|  support  | 236.0 |  12.0 |  26.0 |  12.0 |  7.0  |  16.0 |  24.0 |  15.0 | 1.0 |  22.0 | 1.0 |  9.0  |  0.801   |   381.0   |    381.0     |
+-----------+-------+-------+-------+-------+-------+-------+-------+-------+-----+-------+-----+-------+----------+-----------+--------------+
Epochs: 6 | Train Loss:  0.252             | Train Accuracy:  0.969
Test Accuracy:  0.798
+-----------+-------+-------+-------+-------+-------+-------+-------+------+-----+-------+-----+-------+----------+-----------+--------------+
|           |   0   |   1   |   2   |   3   |   4   |   5   |   6   |  7   |  8  |   9   |  10 |   11  | accuracy | macro avg | weighted avg |
+-----------+-------+-------+-------+-------+-------+-------+-------+------+-----+-------+-----+-------+----------+-----------+--------------+
| precision | 0.906 | 0.889 |  0.8  | 0.207 |  1.0  | 0.667 |  0.44 | 0.6  | 0.0 | 0.833 | 0.0 | 0.667 |  0.798   |   0.584   |    0.812     |
|   recall  | 0.983 | 0.667 | 0.615 |  0.5  | 0.143 | 0.625 | 0.458 | 0.2  | 0.0 | 0.682 | 0.0 | 0.222 |  0.798   |   0.425   |    0.798     |
|  f1-score | 0.943 | 0.762 | 0.696 | 0.293 |  0.25 | 0.645 | 0.449 | 0.3  | 0.0 |  0.75 | 0.0 | 0.333 |  0.798   |   0.452   |    0.788     |
|  support  | 236.0 |  12.0 |  26.0 |  12.0 |  7.0  |  16.0 |  24.0 | 15.0 | 1.0 |  22.0 | 1.0 |  9.0  |  0.798   |   381.0   |    381.0     |
+-----------+-------+-------+-------+-------+-------+-------+-------+------+-----+-------+-----+-------+----------+-----------+--------------+
Epochs: 7 | Train Loss:  0.171             | Train Accuracy:  0.972
Test Accuracy:  0.764
+-----------+-------+-------+-------+-------+-------+-------+------+------+-----+-------+-----+-------+----------+-----------+--------------+
|           |   0   |   1   |   2   |   3   |   4   |   5   |  6   |  7   |  8  |   9   |  10 |   11  | accuracy | macro avg | weighted avg |
+-----------+-------+-------+-------+-------+-------+-------+------+------+-----+-------+-----+-------+----------+-----------+--------------+
| precision | 0.799 | 0.889 | 0.882 | 0.214 |  0.5  |  0.6  | 1.0  | 0.6  | 0.0 | 0.786 | 0.0 | 0.333 |  0.764   |    0.55   |    0.764     |
|   recall  | 0.996 | 0.667 | 0.577 |  0.25 | 0.143 | 0.375 | 0.25 | 0.2  | 0.0 |  0.5  | 0.0 | 0.333 |  0.764   |   0.358   |    0.764     |
|  f1-score | 0.887 | 0.762 | 0.698 | 0.231 | 0.222 | 0.462 | 0.4  | 0.3  | 0.0 | 0.611 | 0.0 | 0.333 |  0.764   |   0.409   |    0.732     |
|  support  | 236.0 |  12.0 |  26.0 |  12.0 |  7.0  |  16.0 | 24.0 | 15.0 | 1.0 |  22.0 | 1.0 |  9.0  |  0.764   |   381.0   |    381.0     |
+-----------+-------+-------+-------+-------+-------+-------+------+------+-----+-------+-----+-------+----------+-----------+--------------+
Epochs: 8 | Train Loss:  0.251             | Train Accuracy:  0.963
Test Accuracy:  0.801
+-----------+-------+-------+-------+-------+-------+-------+-------+-------+-----+-------+-----+-------+----------+-----------+--------------+
|           |   0   |   1   |   2   |   3   |   4   |   5   |   6   |   7   |  8  |   9   |  10 |   11  | accuracy | macro avg | weighted avg |
+-----------+-------+-------+-------+-------+-------+-------+-------+-------+-----+-------+-----+-------+----------+-----------+--------------+
| precision | 0.861 | 0.818 | 0.607 |  1.0  | 0.143 | 0.625 |  0.6  | 0.833 | 0.0 | 0.867 | 0.0 | 0.625 |  0.801   |   0.582   |    0.796     |
|   recall  | 0.996 |  0.75 | 0.654 | 0.083 | 0.143 | 0.625 | 0.375 | 0.333 | 0.0 | 0.591 | 0.0 | 0.556 |  0.801   |   0.425   |    0.801     |
|  f1-score | 0.923 | 0.783 |  0.63 | 0.154 | 0.143 | 0.625 | 0.462 | 0.476 | 0.0 | 0.703 | 0.0 | 0.588 |  0.801   |   0.457   |    0.776     |
|  support  | 236.0 |  12.0 |  26.0 |  12.0 |  7.0  |  16.0 |  24.0 |  15.0 | 1.0 |  22.0 | 1.0 |  9.0  |  0.801   |   381.0   |    381.0     |
+-----------+-------+-------+-------+-------+-------+-------+-------+-------+-----+-------+-----+-------+----------+-----------+--------------+
Epochs: 9 | Train Loss:  0.157             | Train Accuracy:  0.979
Test Accuracy:  0.801
+-----------+-------+-------+-------+-------+-------+-------+-------+-------+-----+-------+-----+-------+----------+-----------+--------------+
|           |   0   |   1   |   2   |   3   |   4   |   5   |   6   |   7   |  8  |   9   |  10 |   11  | accuracy | macro avg | weighted avg |
+-----------+-------+-------+-------+-------+-------+-------+-------+-------+-----+-------+-----+-------+----------+-----------+--------------+
| precision | 0.902 | 0.889 |  0.64 | 0.294 |  1.0  | 0.667 | 0.727 | 0.429 | 0.0 |  0.64 | 0.0 |  0.5  |  0.801   |   0.557   |    0.798     |
|   recall  | 0.979 | 0.667 | 0.615 | 0.417 | 0.143 | 0.625 | 0.333 |  0.4  | 0.0 | 0.727 | 0.0 | 0.444 |  0.801   |   0.446   |    0.801     |
|  f1-score | 0.939 | 0.762 | 0.627 | 0.345 |  0.25 | 0.645 | 0.457 | 0.414 | 0.0 | 0.681 | 0.0 | 0.471 |  0.801   |   0.466   |    0.787     |
|  support  | 236.0 |  12.0 |  26.0 |  12.0 |  7.0  |  16.0 |  24.0 |  15.0 | 1.0 |  22.0 | 1.0 |  9.0  |  0.801   |   381.0   |    381.0     |
+-----------+-------+-------+-------+-------+-------+-------+-------+-------+-----+-------+-----+-------+----------+-----------+--------------+
Epochs: 10 | Train Loss:  0.169             | Train Accuracy:  0.976
Test Accuracy:  0.798
+-----------+-------+-------+-------+-------+-------+-------+-------+-------+-----+-------+-----+-------+----------+-----------+--------------+
|           |   0   |   1   |   2   |   3   |   4   |   5   |   6   |   7   |  8  |   9   |  10 |   11  | accuracy | macro avg | weighted avg |
+-----------+-------+-------+-------+-------+-------+-------+-------+-------+-----+-------+-----+-------+----------+-----------+--------------+
| precision | 0.942 | 0.889 | 0.435 | 0.364 |  0.5  | 0.643 | 0.471 | 0.625 | 0.0 | 0.833 | 0.0 | 0.455 |  0.798   |   0.513   |    0.802     |
|   recall  |  0.97 | 0.667 | 0.769 | 0.333 | 0.143 | 0.562 | 0.333 | 0.333 | 0.0 | 0.682 | 0.0 | 0.556 |  0.798   |   0.446   |    0.798     |
|  f1-score | 0.956 | 0.762 | 0.556 | 0.348 | 0.222 |  0.6  |  0.39 | 0.435 | 0.0 |  0.75 | 0.0 |  0.5  |  0.798   |    0.46   |    0.791     |
|  support  | 236.0 |  12.0 |  26.0 |  12.0 |  7.0  |  16.0 |  24.0 |  15.0 | 1.0 |  22.0 | 1.0 |  9.0  |  0.798   |   381.0   |    381.0     |
+-----------+-------+-------+-------+-------+-------+-------+-------+-------+-----+-------+-----+-------+----------+-----------+--------------+
